255 255 255 255 255 255 255 255 255 255 255 255 255 255 255 255
255 255 255 255 255 255 255 255 255 255 255 255 255 255 255 255
255 255   0   0   0   0   0   0   0   0   0   0   0   0 255 255
255 255   0   0   0   0   0   0   0   0   0   0   0   0 255 255
255 255   0   0   0   0   0   0   0   0   0   0   0   0 255 255
255 255   0   0   0 244 244 244 244 244 244   0   0   0 255 255
255 255   0   0   0 244 244   0   0 244 244   0   0   0 255 255
255 255   0   0   0 244 244 244 244 176 244   0   0   0 255 255
255 255   0   0   0 244 244 244 244 244 244   0   0   0 255 255
255 255   0   0   0 244 244 244 244 244 244   0   0   0 255 255
255 255   0   0   0 244 244 244 244 244 244   0   0   0 255 255
255 255   0   0   0   0   0   0   0   0   0   0   0   0 255 255
255 255   0   0   0   0   0   0   0   0   0   0   0   0 255 255
255 255   0   0   0   0   0   0   0   0   0   0   0   0 255 255
255 255 255 255 255 255 255 255 255 255 255 255 255 255 255 255
255 255 255 255 255 255 255 255 255 255 255 255 255 255 255 255
255 255 255 255 255 255 255 255 255 255 255 255 255 255 255 255
255 255 255 255 255 255 255 255 255 255 255 255 255 255 255 255
255 255   0   0   0   0   0   0   0   0   0   0   0   0 255 255
255 255   0   0   0   0   0   0   0   0   0   0   0   0 255 255
255 255   0   0   0   0   0   0   0   0   0   0   0   0 255 255
255 255   0   0   0 243 243 243 243 243 243   0   0   0 255 255
255 255   0   0   0 243 243   0   0 243 243   0   0   0 255 255
255 255   0   0   0 243 243 243 243 175 243   0   0   0 255 255
255 255   0   0   0 243 243 243 243 243 243   0   0   0 255 255
255 255   0   0   0 243 243 243 243 243 243   0   0   0 255 255
255 255   0   0   0 243 243 243 243 243 243   0   0   0 255 255
255 255   0   0   0   0   0   0   0   0   0   0   0   0 255 255
255 255   0   0   0   0   0   0   0   0   0   0   0   0 255 255
255 255   0   0   0   0   0   0   0   0   0   0   0   0 255 255
255 255 255 255 255 255 255 255 255 255 255 255 255 255 255 255
255 255 255 255 255 255 255 255 255 255 255 255 255 255 255 255
255 255 255 255 255 255 255 255 255 255 255 255 255 255 255 255
255 255 255 255 255 255 255 255 255 255 255 255 255 255 255 255
255 255   0   0   0   0   0   0   0   0   0   0   0   0 255 255
255 255   0   0   0   0   0   0   0   0   0   0   0   0 255 255
255 255   0   0   0   0   0   0   0   0   0   0   0   0 255 255
255 255   0   0   0 243 243 243 243 243 243   0   0   0 255 255
255 255   0   0   0 243 243   0   0 243 243   0   0   0 255 255
255 255   0   0   0 243 243 243 243 175 243   0   0   0 255 255
255 255   0   0   0 243 243 243 243 243 243   0   0   0 255 255
255 255   0   0   0 243 243 243 243 243 243   0   0   0 255 255
255 255   0   0   0 243 243 243 243 243 243   0   0   0 255 255
255 255   0   0   0   0   0   0   0   0   0   0   0   0 255 255
255 255   0   0   0   0   0   0   0   0   0   0   0   0 255 255
255 255   0   0   0   0   0   0   0   0   0   0   0   0 255 255
255 255 255 255 255 255 255 255 255 255 255 255 255 255 255 255
255 255 255 255 255 255 255 255 255 255 255 255 255 255 255 255

255 255 255 255 255 255 255 255 255 255 255 255 255 255 255 255
255 255 255 255 255 255 255 255 255 255 255 255 255 255 255 255
255 255   0   0   0   0   0   0   0   0   0   0   0   0 255 255
255 255   0   0   0   0   0   0   0   0   0   0   0   0 255 255
255 255   0   0   0   0   0   0   0   0   0   0   0   0 255 255
255 255   0   0   0 244 244 244 244 244 244   0   0   0 255 255
255 255   0   0   0 244 244 176 244 244 244   0   0   0 255 255
255 255   0   0   0 244   0 244 244 244 244   0   0   0 255 255
255 255   0   0   0 244   0 244 244 244 244   0   0   0 255 255
255 255   0   0   0 244 244 244 244 244 244   0   0   0 255 255
255 255   0   0   0 244 244 244 244 244 244   0   0   0 255 255
255 255   0   0   0   0   0   0   0   0   0   0   0   0 255 255
255 255   0   0   0   0   0   0   0   0   0   0   0   0 255 255
255 255   0   0   0   0   0   0   0   0   0   0   0   0 255 255
255 255 255 255 255 255 255 255 255 255 255 255 255 255 255 255
255 255 255 255 255 255 255 255 255 255 255 255 255 255 255 255
255 255 255 255 255 255 255 255 255 255 255 255 255 255 255 255
255 255 255 255 255 255 255 255 255 255 255 255 255 255 255 255
255 255   0   0   0   0   0   0   0   0   0   0   0   0 255 255
255 255   0   0   0   0   0   0   0   0   0   0   0   0 255 255
255 255   0   0   0   0   0   0   0   0   0   0   0   0 255 255
255 255   0   0   0 243 243 243 243 243 243   0   0   0 255 255
255 255   0   0   0 243 243 175 243 243 243   0   0   0 255 255
255 255   0   0   0 243   0 243 243 243 243   0   0   0 255 255
255 255   0   0   0 243   0 243 243 243 243   0   0   0 255 255
255 255   0   0   0 243 243 243 243 243 243   0   0   0 255 255
255 255   0   0   0 243 243 243 243 243 243   0   0   0 255 255
255 255   0   0   0   0   0   0   0   0   0   0   0   0 255 255
255 255   0   0   0   0   0   0   0   0   0   0   0   0 255 255
255 255   0   0   0   0   0   0   0   0   0   0   0   0 255 255
255 255 255 255 255 255 255 255 255 255 255 255 255 255 255 255
255 255 255 255 255 255 255 255 255 255 255 255 255 255 255 255
255 255 255 255 255 255 255 255 255 255 255 255 255 255 255 255
255 255 255 255 255 255 255 255 255 255 255 255 255 255 255 255
255 255   0   0   0   0   0   0   0   0   0   0   0   0 255 255
255 255   0   0   0   0   0   0   0   0   0   0   0   0 255 255
255 255   0   0   0   0   0   0   0   0   0   0   0   0 255 255
255 255   0   0   0 243 243 243 243 243 243   0   0   0 255 255
255 255   0   0   0 243 243 175 243 243 243   0   0   0 255 255
255 255   0   0   0 243   0 243 243 243 243   0   0   0 255 255
255 255   0   0   0 243   0 243 243 243 243   0   0   0 255 255
255 255   0   0   0 243 243 243 243 243 243   0   0   0 255 255
255 255   0   0   0 243 243 243 243 243 243   0   0   0 255 255
255 255   0   0   0   0   0   0   0   0   0   0   0   0 255 255
255 255   0   0   0   0   0   0   0   0   0   0   0   0 255 255
255 255   0   0   0   0   0   0   0   0   0   0   0   0 255 255
255 255 255 255 255 255 255 255 255 255 255 255 255 255 255 255
255 255 255 255 255 255 255 255 255 255 255 255 255 255 255 255

255 255 255 255 255 255 255 255 255 255 255 255 255 255 255 255
255 214 153 153 153 153 153 153 153 153 153 153 153 153 214 255
255 153   0   0   0   0   0   0   0   0   0   0   0   0 153 255
255 153   0   0   0   0   0   0   0   0   0   0   0   0 153 255
255 153   0   0   9  48  48  48  48  48  48   9   0   0 153 255
255 153   0   0  48 244 244 244 244 244 244  48   0   0 153 255
255 153   0   0  48 244 244 244 191 179 244  48   0   0 153 255
255 153   0   0  48 244 234 153 113 177 244  48   0   0 153 255
255 153   0   0  48 244 137 206 183 177 244  48   0   0 153 255
255 153   0   0  48 244 202 125 121 194 244  48   0   0 153 255
255 153   0   0  48 244 244 244 244 244 244  48   0   0 153 255
255 153   0   0   9  48  48  48  48  48  48   9   0   0 153 255
255 153   0   0   0   0   0   0   0   0   0   0   0   0 153 255
255 153   0   0   0   0   0   0   0   0   0   0   0   0 153 255
255 214 153 153 153 153 153 153 153 153 153 153 153 153 214 255
255 255 255 255 255 255 255 255 255 255 255 255 255 255 255 255
255 255 255 255 255 255 255 255 255 255 255 255 255 255 255 255
255 214 153 153 153 153 153 153 153 153 153 153 153 153 214 255
255 153   0   0   0   0   0   0   0   0   0   0   0   0 153 255
255 153   0   0   0   0   0   0   0   0   0   0   0   0 153 255
255 153   0   0   9  48  48  48  48  48  48   9   0   0 153 255
255 153   0   0  48 243 243 243 243 243 243  48   0   0 153 255
255 153   0   0  48 243 243 243 190 178 243  48   0   0 153 255
255 153   0   0  48 243 233 152 113 176 243  48   0   0 153 255
255 153   0   0  48 243 136 206 182 176 243  48   0   0 153 255
255 153   0   0  48 243 201 125 121 193 243  48   0   0 153 255
255 153   0   0  48 243 243 243 243 243 243  48   0   0 153 255
255 153   0   0   9  48  48  48  48  48  48   9   0   0 153 255
255 153   0   0   0   0   0   0   0   0   0   0   0   0 153 255
255 153   0   0   0   0   0   0   0   0   0   0   0   0 153 255
255 214 153 153 153 153 153 153 153 153 153 153 153 153 214 255
255 255 255 255 255 255 255 255 255 255 255 255 255 255 255 255
255 255 255 255 255 255 255 255 255 255 255 255 255 255 255 255
255 214 153 153 153 153 153 153 153 153 153 153 153 153 214 255
255 153   0   0   0   0   0   0   0   0   0   0   0   0 153 255
255 153   0   0   0   0   0   0   0   0   0   0   0   0 153 255
255 153   0   0   9  48  48  48  48  48  48   9   0   0 153 255
255 153   0   0  48 243 243 243 243 243 243  48   0   0 153 255
255 153   0   0  48 243 243 243 190 178 243  48   0   0 153 255
255 153   0   0  48 243 233 152 113 176 243  48   0   0 153 255
255 153   0   0  48 243 136 206 182 176 243  48   0   0 153 255
255 153   0   0  48 243 201 125 121 193 243  48   0   0 153 255
255 153   0   0  48 243 243 243 243 243 243  48   0   0 153 255
255 153   0   0   9  48  48  48  48  48  48   9   0   0 153 255
255 153   0   0   0   0   0   0   0   0   0   0   0   0 153 255
255 153   0   0   0   0   0   0   0   0   0   0   0   0 153 255
255 214 153 153 153 153 153 153 153 153 153 153 153 153 214 255
255 255 255 255 255 255 255 255 255 255 255 255 255 255 255 255

255 255 255 255 255 255 255 255 255 255 255 255 255 255 255 255
255 214 153 153 153 153 153 153 153 153 153 153 153 153 214 255
255 153   0   0   0   0   0   0   0   0   0   0   0   0 153 255
255 153   0   0   0   0   0   0   0   0   0   0   0   0 153 255
255 153   0   0   9  48  48  48  48  48  48   9   0   0 153 255
255 153   0   0  48 244 244 244 244 244 244  48   0   0 153 255
255 153   0   0  48 244 179 177 177 194 244  48   0   0 153 255
255 153   0   0  48 244 191 113 183 121 244  48   0   0 153 255
255 153   0   0  48 244 244 153 206 125 244  48   0   0 153 255
255 153   0   0  48 244 244 234 137 202 244  48   0   0 153 255
255 153   0   0  48 244 244 244 244 244 244  48   0   0 153 255
255 153   0   0   9  48  48  48  48  48  48   9   0   0 153 255
255 153   0   0   0   0   0   0   0   0   0   0   0   0 153 255
255 153   0   0   0   0   0   0   0   0   0   0   0   0 153 255
255 214 153 153 153 153 153 153 153 153 153 153 153 153 214 255
255 255 255 255 255 255 255 255 255 255 255 255 255 255 255 255
255 255 255 255 255 255 255 255 255 255 255 255 255 255 255 255
255 214 153 153 153 153 153 153 153 153 153 153 153 153 214 255
255 153   0   0   0   0   0   0   0   0   0   0   0   0 153 255
255 153   0   0   0   0   0   0   0   0   0   0   0   0 153 255
255 153   0   0   9  48  48  48  48  48  48   9   0   0 153 255
255 153   0   0  48 243 243 243 243 243 243  48   0   0 153 255
255 153   0   0  48 243 178 176 176 193 243  48   0   0 153 255
255 153   0   0  48 243 190 113 182 121 243  48   0   0 153 255
255 153   0   0  48 243 243 152 206 125 243  48   0   0 153 255
255 153   0   0  48 243 243 233 136 201 243  48   0   0 153 255
255 153   0   0  48 243 243 243 243 243 243  48   0   0 153 255
255 153   0   0   9  48  48  48  48  48  48   9   0   0 153 255
255 153   0   0   0   0   0   0   0   0   0   0   0   0 153 255
255 153   0   0   0   0   0   0   0   0   0   0   0   0 153 255
255 214 153 153 153 153 153 153 153 153 153 153 153 153 214 255
255 255 255 255 255 255 255 255 255 255 255 255 255 255 255 255
255 255 255 255 255 255 255 255 255 255 255 255 255 255 255 255
255 214 153 153 153 153 153 153 153 153 153 153 153 153 214 255
255 153   0   0   0   0   0   0   0   0   0   0   0   0 153 255
255 153   0   0   0   0   0   0   0   0   0   0   0   0 153 255
255 153   0   0   9  48  48  48  48  48  48   9   0   0 153 255
255 153   0   0  48 243 243 243 243 243 243  48   0   0 153 255
255 153   0   0  48 243 178 176 176 193 243  48   0   0 153 255
255 153   0   0  48 243 190 113 182 121 243  48   0   0 153 255
255 153   0   0  48 243 243 152 206 125 243  48   0   0 153 255
255 153   0   0  48 243 243 233 136 201 243  48   0   0 153 255
255 153   0   0  48 243 243 243 243 243 243  48   0   0 153 255
255 153   0   0   9  48  48  48  48  48  48   9   0   0 153 255
255 153   0   0   0   0   0   0   0   0   0   0   0   0 153 255
255 153   0   0   0   0   0   0   0   0   0   0   0   0 153 255
255 214 153 153 153 153 153 153 153 153 153 153 153 153 214 255
255 255 255 255 255 255 255 255 255 255 255 255 255 255 255 255
